
%--------------------------------------------------------------------------

roi1 = [1300, 580; 1420, 1640];
roi2 = [ 440, 470;  560, 1500];

sigma = 2;

th1 = 0.45;
th2 = 0.35;

roiul = [1305,   15, 20, 20];
roium = [1745,  340, 20, 20];
roiur = [1995,  530, 20, 20];
roibl = [1555, 2045, 20, 20];
roibm = [1935, 1800, 20, 20];
roibr = [2155, 1665, 20, 20];

pat3d = [[-1, 1.8, 0];
         [ 0, 1.8, 0];
         [ 1, 1.8, 0];
         [-1, 0.2, 0];
         [ 0  0.2, 0];
         [ 1, 0.2, 0]];
     
%^^^^^^^^^^^^^^^^^^^^^^^^^^^^^^^^^^^^^^^^^^^^^^^^^^^^^^^^^^^^^^^^^^^^^^^^^^
