
%--------------------------------------------------------------------------

roi1 = [1200, 570; 1340, 1630];
roi2 = [ 390, 450;  500, 1520];

sigma = 2;

th1 = 0.4;
th2 = 0.35;

roiul = [1245,   50, 20, 20];
roium = [1815,  345, 20, 20];
roiur = [2150,  520, 20, 20];
roibl = [1485, 2045, 20, 20];
roibm = [2015, 1810, 20, 20];
roibr = [2320, 1670, 20, 20];

pat3d = [[-1, 1.8, 0];
         [ 0, 1.8, 0];
         [ 1, 1.8, 0];
         [-1, 0.2, 0];
         [ 0  0.2, 0];
         [ 1, 0.2, 0]];
     
%^^^^^^^^^^^^^^^^^^^^^^^^^^^^^^^^^^^^^^^^^^^^^^^^^^^^^^^^^^^^^^^^^^^^^^^^^^
