
%--------------------------------------------------------------------------

roi1 = [1060, 545; 1170, 1650];
roi2 = [ 280, 430;  350, 1530];

sigma = 2;

th1 = 0.4;
th2 = 0.4;

roiul = [1115,  110, 20, 20];
roium = [1860,  345, 20, 20];
roiur = [2330,  500, 20, 20];
roibl = [1285, 2015, 20, 20];
roibm = [2030, 1810, 20, 20];
roibr = [2490, 1685, 20, 20];

pat3d = [[-1, 1.8, 0];
         [ 0, 1.8, 0];
         [ 1, 1.8, 0];
         [-1, 0.2, 0];
         [ 0  0.2, 0];
         [ 1, 0.2, 0]];
     
%^^^^^^^^^^^^^^^^^^^^^^^^^^^^^^^^^^^^^^^^^^^^^^^^^^^^^^^^^^^^^^^^^^^^^^^^^^
