
%--------------------------------------------------------------------------

roi1 = [1128, 730; 1368, 1530];
roi2 = [480, 605; 715, 1420];

sigma = 2;

th1 = 0.28;
th2 = 0.17;

roiul = [1005,  250, 50, 50];
roium = [1315,  515, 50, 50];
roiur = [1525,  690, 20, 25];
roibl = [1450, 1665, 25, 20];
roibm = [1675, 1595, 25, 20];
roibr = [1810, 1560, 20, 15];

pat3d = [[-1, 1.75, 0];
         [ 0, 1.75, 0];
         [ 1, 1.75, 0];
         [-1, 0.25, 0];
         [ 0, 0.25, 0];
         [ 1, 0.25, 0]];
     
%^^^^^^^^^^^^^^^^^^^^^^^^^^^^^^^^^^^^^^^^^^^^^^^^^^^^^^^^^^^^^^^^^^^^^^^^^^
