
%--------------------------------------------------------------------------

roi1 = [1600, 900; 1770, 1370];
roi2 = [1290, 790; 1430, 1240];

sigma = 2;

th1 = 0.28;
th2 = 0.17;

roiul = [1608,  806, 17, 14];
roium = [1889,  844, 17, 13];
roiur = [2116,  872, 14, 15];
roibl = [1839, 1459, 11, 11];
roibm = [2110, 1423, 10,  9];
roibr = [2326, 1395, 10, 10];

pat3d = [[-1, 1.75, 0];
         [ 0, 1.75, 0];
         [ 1, 1.75, 0];
         [-1, 0.25, 0];
         [ 0, 0.25, 0];
         [ 1, 0.25, 0]];
     
badrows1 = [];
badrows2 = [];
     
%^^^^^^^^^^^^^^^^^^^^^^^^^^^^^^^^^^^^^^^^^^^^^^^^^^^^^^^^^^^^^^^^^^^^^^^^^^
